insert into Promotions (Promotion_ID, ISBN, Discount, Begin_Date, End_Date, Employee_Number)
values  (1, '782140661', 0.51, 20211224, 20231101, 14),
        (2, '1861004486', 0.25, 20240131, 20230228, 5),
        (3, '312287941', 0.71, 20210402, 20220416, 8),
        (4, '743206061', 0.58, 20221226, 20220528, 20),
        (5, '1590520734', 0.86, 20210110, 20240327, 7),
        (6, '684843285', 0.75, 20220101, 20221110, 6),
        (7, '72315318', 0.09, 20230329, 20221109, 16),
        (8, '1880418568', 0.09, 20231025, 20230213, 9),
        (9, '471286168', 0.65, 20211204, 20230118, 4),
        (10, '60540753', 0.67, 20220911, 20220620, 4),
        (11, '393318486', 0.75, 20230413, 20230520, 11),
        (12, '60958332', 0.37, 20230125, 20231023, 8),
        (13, '262232197', 0.18, 20210804, 20230616, 7),
        (14, '324113641', 0.35, 20210520, 20230724, 7),
        (15, '038572179X', 0.31, 20220726, 20220723, 8),
        (16, '385494327', 0.39, 20210514, 20220419, 14),
        (17, '399149392', 0.44, 20230308, 20230624, 16),
        (18, '61092177', 0.27, 20210414, 20220728, 6),
        (19, '60855925', 0.48, 20210328, 20230626, 20),
        (20, '61020648', 0.92, 20210521, 20230406, 2);